-0.07379741707830968 -0.005353579744299584
-0.09837604542784895 0.04046680427700269
-0.09998493690126975 0.039084283123288974
-0.09067430022097647 -0.006590720589686069
-0.056109222267952785 -0.004125044065856912
-0.11718038979564332 0.03818406308235062
-0.07407609777581077 0.0376400441594107
-0.1171306425950193 -0.006453745232904999
-0.09054764641489077 -0.020189422754572528
-0.11526432770937795 0.03960652185335872
-0.09820638861330534 0.04057053503322209
-0.13367530405026698 0.038426858351544094
-0.1338110178806688 -0.0037478141783414444
-0.07366417524255614 0.05565572227105213
-0.11730475644703527 0.03771225741899781
