-0.08198766225546675 0.05629483143054131
-0.0930786812722532 -0.023340952372412252
-0.08502499757644746 0.02668814762790972
-0.06808187611482151 -0.0027894148811806263
-0.07092270258865978 -0.01882176316745092
-0.10015868913854332 -0.002877870861875369
-0.15572164463562055 0.014292587828699119
-0.09376989602721506 0.03569018505915051
-0.12468995489578315 0.002257994534304147
-0.07993997799210165 0.003451665922614623
-0.11715547052890649 0.03977119360624657
-0.09489682003067991 0.056310370900997886
-0.0429990219125977 0.002534418063934597
-0.10962247393150713 0.04446365506582743
-0.11527172313440122 0.03738199607563559
