-0.12356562189431151 0.04766069078142874
-0.11720737878024452 0.02482205515361496
-0.23691176549448564 0.04915883750002336
-0.18257528463088027 0.1794309597282791
-0.06804106917224081 -0.03366920421342969
-0.17532397965288588 0.12699797425240802
-0.24430642924171028 0.11782102586375498
0.03308035010122279 -0.010423388365407172
-0.24901366347232023 0.017661109019843843
-0.09769253613025125 0.09662218913993334
-0.06123139123649576 0.09245483857775277
-0.20253294983481976 0.22385919521610761
-0.25074016970654234 0.0035942920828561753
-0.21122672594581487 0.19439790044479552
